MyArrayList:
Data: [0.3723470481602994 0.6767020992419814 0.2585189032925561 0.593155004558526 0.9229917029368898 0.8780188156089869 0.6946613413235692 0.21382948768037924 0.016550910940265062 0.2347937728076821 0.4962472541565168 0.3132314614965599]
Max: 0.9229917029368898
Min: 0.016550910940265062
Mean: 0.472587316850351
Variance: 0.07383776341058902

MyLinkedList:
Data: [0.3538236688657862 0.680084173248228 0.8348025519692212 0.7266605205962343 0.6731570052950214 0.8065718251088273 0.4792256247144113 0.4996527479515479 0.6885460375571311 0.7636416600038797 0.9034803285363436]
Max: 0.9034803285363436
Min: 0.3538236688657862
Mean: 0.6736041948951484
Variance: 0.025272474970270742
